polygon
0.4
22
0.491909333		-0.297247333
0.458633333		-0.085027667
0.380801333		0.338587333
0.336576667		0.548177333
0.289059		0.755096333
0.149544667		0.711021
0.045775667		0.674582333
-0.057221667		0.635262667
-0.260263667		0.548227667
-0.377955333		0.491726667
-0.407077		0.477029667
-0.386839		0.279312667
-0.371376667		0.079965667
-0.360761333		-0.120097333
-0.354242333		-0.518705667
-0.361445		-0.794485
-0.371624333		-0.974877
-0.299851667		-0.883892
-0.150312667		-0.723940333
-0.005762		-0.597076
0.150836667		-0.482712
0.317448667		-0.382334667
22
0	21
21	20
20	19
19	18
18	17
17	16
16	15
15	14
14	13
13	12
12	11
11	10
10	9
9	8
8	7
7	6
6	5
5	4
4	3
3	2
2	1
1	0
